2321422436144254464
2320869729688113536
2320777469496305024
2320834751475408128
2320770189527046528
2320903848908950656
2320862200611102848
2320933157765826560
2320842551136015872
2320925564263593088
2320927007372603648
2320638179411803520
2320795031617857152
2320872272309687808
2320959820922837760
2321022630524596736
2320790289973970432
2320798639390461056
2320773213184062080
2320793897745374208
2332907487931865728
2320558082565935744
2320833338430890240
2320615983021130752
2320978512620414080
2320987858469300864
2320776644862584960
2320845540433244928
2320709647667590784
2320990980909779968
2320833372790628480
2320810252982047360
2320833445805349760
2333005344467248768
2320617529209321728
2320591205353715712
2320812486365053696
2314771151006415872
2320916768170630912
2320645738554239744
2320816231576490496
2320906872565926528
2320994592977961216
2320771220319192448
2320886222363524992
2320869897192498432
2320766684833726592
2333061733093062784
2333096436428744192
2320819392672414848