2328281430196519680
2320877215816767360
2327952401341889664
2320770185232173312
2334037751525146624
2320816227281177088
2326921471751885440
2320826432123463040
2326866942847101824
2320979848354547840
2326849247581847296
2320798635095540736
2313104527601463296
2320926178443221888
2326850415812950656
2320610721685102336
2333096432132693632
2320617524913298304
2314771146710725504
2320933153470108032
2320833441510104960
2320612748909666560
2320834747180161408
2320903844613139072
2320886218068219264
2320902057906744704
2320793893451241344
2321022626228808064
2314555230115494528
2320916763874909568
2333013075407421824
2321010325442474752
2320994588682307072
2320709643372054656
2320790285678713984
2313393493000760064
2320869897192498432
2320645734258792064
2320869725393806336
2320702187308925184
2320771216024323840
2319380333814252544
2320776644862584960
2319554915645229312